Tổng a = 686287
Tổng b = 63000
1 2 3 4 5 6 7 8 9
2 4 6 8 10 12 14 16 18
3 6 9 12 15 18 21 24 27
4 8 12 16 20 24 28 32 36
5 10 15 20 25 30 35 40 45
6 12 18 24 30 36 42 48 54
7 14 21 28 35 42 49 56 63
8 16 24 32 40 48 56 64 72
9 18 27 36 45 54 63 72 81
Nhập số hàng: 5
*       
**      
* *     
*  *    
*****   
Nhập n: 6
S1 = 21
S2 = 2.4499999999999997
S3 = 2.573811362855335
S4 = 0.6166666666666666
1 4 9 16 25 36 49 64 81 100 121 144 169 196 225 256 289 324 361 400 441 484 529 576 625 676 729 784 841 900 961 Nhập n: 5
Tổng = 2.283333333333333
Nhập n: 7
Số lượng: 3
Nhập n: 8  
Số cần tìm: 8
Nhập n: 9    
Số có nhiều ước nhất: 6
Nhập n: 9
0 1 1 2 3 5 8 13 21 Nhập mã: 7
Check digit = 7
PS C:\Users\Tran Duc Nghia> 